


    47|53
    97|13
    97|61
    97|47
    75|29
    61|13
    75|53
    29|13
    97|29
    53|29
    61|53
    97|53
    61|29
    47|13
    75|47
    97|75
    47|61
    75|61
    47|29
    75|13
    53|13

53,13,61,47,75,29


[53] 47,75,61,97 {4}
[13] 97,61,29,47,75,53 {6}
[61] 47,97,75, {3}
[47] 97,75 {2}
[75] 97 {1}
[29] 75,97,53,61,47 {5}

75, 47, 61, 53, 29, 13
missend = pos 0






75,47,61,53,29
97,61,53,29,13
75,29,13
75,97,47,61,53
61,13,29
97,13,75,29,47


















{
  pagesBeforeMap: Map(7) {
    61 => [ 13, 53, 29 ],
    53 => [ 29, 13 ],
    75 => [ 29, 53, 47, 61, 13 ],
    29 => [ 13 ],
    47 => [ 53, 13, 61, 29 ],
    97 => [ 13, 61, 47, 29, 53, 75 ],
    13 => []
  }
}


13, 53, 29, 61





                     13         61
                     53         61
                           29   61

                           29           75
                     53                 75
                                    47  75
                                61      75
                     13                 75

                     13    29

                     53              47
                     13              47
                               61    47
                           29        47











                53,    47
        13,            47
                61,    47
          29,          47
                13,           97
                61,           97
                       47,    97
                29,           97
                53,           97
                75,           97
   29,    75
   53,    75
   47,    75
   61,    75
   13,    75
   13,    61
   53,    61
   29,    61
   13,    29
   29,    53
   13,    53
